0.048436,0.10781,0.17229,0.23571,0.29643,0.35338,0.40575,0.45284,0.49413,0.52927,0.55808,0.58062,0.59715,0.60813,0.61419,0.61608,0.61461,0.61061,0.6048,0.59776,0.58986,0.58122,0.57173,0.56106,0.54872,0.53415,0.51677,0.49607,0.47165,0.44328,0.41093,0.37478,0.33521,0.29281,0.24838,0.20291,0.15756,0.11372,0.073058,0.03781,0.01232
0.22366,0.49784,0.79558,1.0885,1.3689,1.632,1.8739,2.0915,2.2824,2.4448,2.5781,2.6824,2.7589,2.8098,2.8379,2.8468,2.8401,2.8217,2.795,2.7625,2.7261,2.6862,2.6424,2.5931,2.5361,2.4688,2.3885,2.2928,2.18,2.0489,1.8994,1.7323,1.5494,1.3534,1.148,0.93787,0.72827,0.52565,0.33768,0.17477,0.056944
0.50402,1.1219,1.793,2.4533,3.0855,3.6789,4.2247,4.7158,5.1467,5.5136,5.8149,6.0508,6.2242,6.3397,6.4038,6.4244,6.41,6.369,6.309,6.2361,6.1541,6.0644,5.9657,5.8547,5.7262,5.5743,5.3931,5.1772,4.9224,4.6264,4.2888,3.9116,3.4986,3.0561,2.5924,2.1178,1.6445,1.187,0.76253,0.39464,0.12859
0.80662,1.7955,2.8697,3.9268,4.9393,5.89,6.7649,7.5527,8.2443,8.8337,9.318,9.6979,9.9775,10.164,10.269,10.303,10.281,10.217,10.122,10.006,9.8748,9.7315,9.5737,9.396,9.1901,8.9467,8.6561,8.3097,7.901,7.426,6.8843,6.2788,5.6159,4.9057,4.1614,3.3996,2.6399,1.9054,1.2241,0.6335,0.20641
1.0785,2.4008,3.8374,5.2515,6.6067,7.8797,9.052,10.108,11.037,11.829,12.48,12.992,13.37,13.623,13.766,13.815,13.788,13.704,13.578,13.424,13.25,13.059,12.848,12.61,12.335,12.009,11.619,11.155,10.606,9.9688,9.2418,8.4291,7.5393,6.5859,5.5867,4.564,3.5441,2.558,1.6433,0.8505,0.27712
1.2995,2.8931,4.6247,6.3299,7.9648,9.5016,10.918,12.196,13.319,14.28,15.071,15.694,16.155,16.466,16.643,16.706,16.678,16.579,16.43,16.246,16.037,15.808,15.554,15.268,14.936,14.542,14.071,13.509,12.845,12.073,11.193,10.209,9.1316,7.9769,6.7668,5.5281,4.2928,3.0984,1.9905,1.0302,0.33567
1.469,3.2704,5.2285,7.1575,9.0082,10.749,12.356,13.806,15.084,16.177,17.08,17.793,18.322,18.681,18.888,18.965,18.938,18.83,18.665,18.46,18.226,17.968,17.682,17.359,16.982,16.536,16.001,15.363,14.609,13.732,12.731,11.612,10.387,9.0735,7.6972,6.2883,4.8831,3.5246,2.2643,1.1719,0.38183
1.5934,3.5477,5.6725,7.7669,9.7777,11.671,13.42,15.001,16.396,17.592,18.582,19.366,19.951,20.35,20.583,20.675,20.652,20.541,20.366,20.147,19.896,19.618,19.309,18.958,18.549,18.063,17.48,16.784,15.961,15.004,13.911,12.689,11.35,9.9154,8.4115,6.872,5.3365,3.8518,2.4745,1.2807,0.41729
1.681,3.7431,5.9858,8.1978,10.323,12.326,14.179,15.857,17.34,18.614,19.671,20.511,21.141,21.574,21.831,21.938,21.922,21.811,21.632,21.405,21.144,20.853,20.528,20.158,19.726,19.212,18.594,17.855,16.981,15.963,14.801,13.501,12.078,10.551,8.9511,7.3129,5.6789,4.0991,2.6334,1.3629,0.44409
1.7392,3.873,6.1946,8.4858,10.689,12.769,14.694,16.441,17.988,19.32,20.429,21.314,21.98,22.443,22.722,22.844,22.837,22.731,22.553,22.324,22.058,21.759,21.425,21.043,20.596,20.061,19.419,18.649,17.737,16.676,15.463,14.106,12.619,11.024,9.3526,7.6411,5.934,4.2832,2.7517,1.4242,0.46405
1.7739,3.9507,6.3201,8.6601,10.913,13.041,15.015,16.809,18.401,19.776,20.924,21.844,22.541,23.029,23.329,23.467,23.472,23.374,23.2,22.973,22.707,22.406,22.068,21.679,21.222,20.675,20.016,19.225,18.287,17.194,15.945,14.546,13.013,11.369,9.6459,7.881,6.1204,4.4178,2.8383,1.469,0.47864
1.7899,3.9867,6.3789,8.7431,11.021,13.177,15.179,17.003,18.625,20.03,21.207,22.155,22.878,23.389,23.709,23.863,23.882,23.794,23.629,23.408,23.145,22.847,22.509,22.118,21.657,21.102,20.433,19.628,18.673,17.559,16.284,14.857,13.292,11.614,9.8537,8.0511,6.2526,4.5134,2.8997,1.5008,0.48901
1.7907,3.9889,6.3837,8.7524,11.037,13.202,15.217,17.055,18.695,20.12,21.319,22.288,23.032,23.564,23.903,24.075,24.109,24.035,23.881,23.668,23.413,23.12,22.786,22.397,21.936,21.379,20.705,19.893,18.928,17.801,16.51,15.065,13.479,11.778,9.9933,8.1654,6.3417,4.5778,2.9411,1.5223,0.49601
1.7792,3.9636,6.3446,8.7015,10.978,13.137,15.151,16.993,18.64,20.076,21.288,22.274,23.036,23.587,23.945,24.135,24.186,24.127,23.986,23.786,23.541,23.257,22.93,22.546,22.088,21.534,20.859,20.045,19.076,17.942,16.644,15.188,13.591,11.876,10.077,8.2347,6.3957,4.6169,2.9663,1.5353,0.50027
1.7575,3.9157,6.2692,8.6009,10.855,12.998,14.999,16.834,18.479,19.918,21.139,22.137,22.914,23.482,23.858,24.067,24.136,24.095,23.97,23.784,23.552,23.279,22.962,22.587,22.135,21.586,20.916,20.104,19.135,18.001,16.701,15.242,13.64,11.921,10.116,8.2666,6.4208,4.6353,2.9782,1.5415,0.50229
1.7274,3.8491,6.164,8.4593,10.681,12.796,14.776,16.594,18.231,19.667,20.89,21.896,22.686,23.269,23.663,23.89,23.978,23.956,23.849,23.68,23.463,23.204,22.899,22.534,22.093,21.552,20.889,20.083,19.12,17.991,16.694,15.238,13.638,11.92,10.116,8.2674,6.4218,4.6361,2.9789,1.5419,0.50241
1.6904,3.7671,6.034,8.2837,10.464,12.543,14.492,16.288,17.908,19.335,20.556,21.566,22.365,22.962,23.373,23.619,23.727,23.725,23.637,23.487,23.287,23.044,22.753,22.402,21.973,21.443,20.79,19.995,19.041,17.92,16.631,15.183,13.591,11.88,10.084,8.2414,6.402,4.6221,2.9699,1.5373,0.50093
1.6477,3.6724,5.8836,8.0799,10.211,12.246,14.158,15.924,17.522,18.935,20.15,21.16,21.965,22.574,23.001,23.266,23.394,23.413,23.346,23.216,23.035,22.81,22.535,22.2,21.785,21.269,20.629,19.846,18.905,17.796,16.521,15.085,13.505,11.807,10.022,8.1921,6.3642,4.5951,2.9527,1.5284,0.49805
1.6005,3.5674,5.7166,7.8531,9.9287,11.914,13.783,15.513,17.083,18.477,19.681,20.688,21.498,22.116,22.557,22.84,22.989,23.029,22.985,22.875,22.715,22.509,22.253,21.935,21.536,21.036,20.412,19.645,18.719,17.627,16.367,14.948,13.385,11.704,9.936,8.1224,6.3106,4.5567,2.9282,1.5158,0.49393
1.5495,3.4541,5.5362,7.6077,9.6225,11.552,13.373,15.062,16.601,17.971,19.16,20.16,20.971,21.597,22.051,22.352,22.52,22.582,22.56,22.473,22.335,22.149,21.913,21.613,21.233,20.751,20.144,19.395,18.488,17.415,16.175,14.776,13.234,11.573,9.8269,8.0342,6.2427,4.508,2.8971,1.4997,0.48871
1.4956,3.3343,5.3453,7.3476,9.2973,11.167,12.935,14.58,16.081,17.424,18.594,19.584,20.393,21.025,21.491,21.807,21.995,22.079,22.079,22.015,21.899,21.735,21.519,21.24,20.88,20.417,19.831,19.102,18.216,17.165,15.947,14.572,13.054,11.419,9.6973,7.9293,6.1619,4.4501,2.86,1.4806,0.48249
1.4395,3.2097,5.1465,7.0763,8.9575,10.765,12.476,14.071,15.533,16.844,17.992,18.969,19.773,20.408,20.883,21.214,21.42,21.525,21.547,21.506,21.413,21.272,21.078,20.82,20.481,20.04,19.475,18.769,17.906,16.879,15.688,14.339,12.849,11.242,9.5487,7.809,6.0692,4.3836,2.8175,1.4586,0.47535
1.382,3.0816,4.9421,6.7971,8.6072,10.348,12,13.544,14.961,16.237,17.36,18.321,19.117,19.752,20.234,20.578,20.802,20.926,20.971,20.953,20.883,20.764,20.593,20.357,20.04,19.622,19.08,18.398,17.561,16.561,15.398,14.079,12.62,11.044,9.3825,7.6745,5.9655,4.3091,2.7699,1.4341,0.46735
1.3235,2.9514,4.7341,6.5127,8.2499,9.9231,11.513,13.002,14.373,15.611,16.705,17.647,18.433,19.065,19.552,19.907,20.146,20.29,20.355,20.359,20.312,20.216,20.068,19.855,19.561,19.166,18.65,17.994,17.184,16.213,15.081,13.794,12.368,10.826,9.2,7.5267,5.8515,4.2273,2.7175,1.4071,0.45856
1.2645,2.8202,4.5243,6.2256,7.8887,9.4925,11.019,12.451,13.773,14.971,16.034,16.953,17.726,18.353,18.843,19.206,19.459,19.62,19.705,19.731,19.706,19.632,19.507,19.317,19.047,18.677,18.186,17.557,16.777,15.837,14.737,13.485,12.095,10.591,9.0022,7.3664,5.7279,4.1386,2.6608,1.3778,0.44903
1.2056,2.689,4.3144,5.938,7.5265,9.0601,10.522,11.896,13.167,14.323,15.352,16.246,17.003,17.622,18.112,18.481,18.746,18.922,19.026,19.072,19.068,19.017,18.914,18.747,18.501,18.156,17.692,17.092,16.342,15.435,14.37,13.154,11.803,10.339,8.79,7.1945,5.5953,4.0434,2.5998,1.3463,0.43879
1.1471,2.5587,4.1059,5.6521,7.1659,8.6289,10.025,11.34,12.559,13.671,14.664,15.531,16.269,16.878,17.365,17.738,18.012,18.202,18.323,18.387,18.404,18.374,18.292,18.149,17.926,17.607,17.17,16.599,15.881,15.008,13.98,12.804,11.493,10.07,8.5645,7.0117,5.4542,3.9421,2.535,1.3128,0.4279
1.0894,2.43,3.8999,5.3694,6.8091,8.2016,9.5322,10.787,11.953,13.019,13.975,14.813,15.53,16.127,16.608,16.983,17.264,17.465,17.601,17.682,17.717,17.707,17.647,17.526,17.327,17.032,16.623,16.083,15.397,14.56,13.57,12.434,11.166,9.7874,8.3266,6.8188,5.3054,3.8351,2.4666,1.2775,0.4164
1.0327,2.3037,3.6974,5.0914,6.4579,7.7806,9.0458,10.241,11.353,12.372,13.289,14.096,14.79,15.372,15.846,16.22,16.506,16.716,16.864,16.961,17.013,17.022,16.982,16.881,16.706,16.436,16.055,15.544,14.892,14.092,13.141,12.047,10.824,9.4911,8.0774,6.6165,5.1492,3.723,2.3948,1.2404,0.40434
0.97731,2.1802,3.4995,4.8194,6.1139,7.3678,8.5684,9.7036,10.762,11.734,12.611,13.386,14.055,14.62,15.084,15.455,15.743,15.96,16.119,16.229,16.296,16.322,16.3,16.22,16.067,15.822,15.468,14.988,14.37,13.606,12.696,11.645,10.468,9.1827,7.8177,6.4058,4.9865,3.606,2.3199,1.2018,0.39175
0.9234,2.06,3.3068,4.5545,5.7786,6.965,8.1019,9.1781,10.183,11.108,11.943,12.685,13.328,13.875,14.327,14.692,14.98,15.202,15.369,15.49,15.571,15.611,15.606,15.545,15.413,15.192,14.865,14.415,13.831,13.105,12.236,11.23,10.099,8.8635,7.5488,6.1874,4.8178,3.4848,2.2422,1.1617,0.3787
0.87115,1.9435,3.1199,4.2974,5.453,6.5735,7.648,8.666,9.618,10.495,11.29,11.997,12.614,13.139,13.578,13.936,14.221,14.446,14.619,14.749,14.841,14.895,14.905,14.862,14.749,14.551,14.25,13.83,13.28,12.592,11.764,10.803,9.7203,8.5349,7.2718,5.9624,4.6438,3.3597,2.1621,1.1203,0.36523
0.82068,1.8309,2.9393,4.0488,5.138,6.1945,7.2081,8.1692,9.0689,9.8991,10.653,11.325,11.914,12.418,12.841,13.19,13.471,13.696,13.873,14.009,14.111,14.176,14.2,14.172,14.079,13.902,13.626,13.236,12.719,12.068,11.282,10.367,9.3328,8.1984,6.988,5.7317,4.4654,3.2314,2.0799,1.0778,0.3514
0.77207,1.7225,2.7652,3.8092,4.8342,5.8287,6.7832,7.6888,8.5374,9.3213,10.034,10.672,11.232,11.713,12.12,12.458,12.733,12.956,13.135,13.276,13.385,13.459,13.495,13.482,13.405,13.249,12.997,12.635,12.151,11.537,10.793,9.9234,8.9384,7.8557,6.6987,5.4964,4.2834,3.1004,1.9959,1.0344,0.33727
0.72539,1.6184,2.5981,3.579,4.5422,5.4768,6.3741,7.2259,8.0246,8.7633,9.4361,10.039,10.57,11.028,11.417,11.742,12.01,12.23,12.408,12.553,12.666,12.749,12.794,12.793,12.732,12.595,12.366,12.031,11.579,11.002,10.299,9.4749,8.5391,7.5085,6.4053,5.2575,4.0985,2.9673,1.9106,0.99028,0.3229
0.68068,1.5186,2.4379,3.3583,4.2621,5.1392,5.9815,6.7812,7.5315,8.226,8.8593,9.4278,9.9294,10.364,10.735,11.047,11.306,11.52,11.697,11.842,11.959,12.047,12.101,12.11,12.063,11.943,11.736,11.427,11.006,10.465,9.803,9.0238,8.137,7.1583,6.1092,5.0163,3.9117,2.8327,1.8242,0.94566,0.30837
0.63795,1.4233,2.2848,3.1474,3.9943,4.8162,5.6055,6.3551,7.0586,7.7102,8.3051,8.8398,9.3125,9.7236,10.076,10.373,10.622,10.83,11.003,11.148,11.267,11.359,11.418,11.437,11.401,11.297,11.11,10.826,10.435,9.9288,9.3068,8.5721,7.7339,6.807,5.8119,4.774,3.7238,2.6973,1.7374,0.90075,0.29375
0.5972,1.3323,2.1388,2.9461,3.7387,4.5078,5.2464,5.9479,6.6064,7.2166,7.774,8.2756,8.7199,9.1072,9.4399,9.7224,9.9604,10.161,10.329,10.472,10.591,10.685,10.749,10.775,10.75,10.66,10.492,10.231,9.8682,9.3963,8.8132,8.1222,7.3319,6.4563,5.5148,4.5316,3.5359,2.5618,1.6504,0.85575,0.27909
0.55841,1.2458,1.9998,2.7544,3.4953,4.214,4.9042,5.5596,6.1749,6.7452,7.2665,7.736,8.1524,8.5162,8.8296,9.0967,9.323,9.5147,9.6779,9.8171,9.9348,10.03,10.097,10.128,10.112,10.035,9.8836,9.645,9.3093,8.8699,8.3246,7.6763,6.933,6.1079,5.2194,4.2904,3.3487,2.4268,1.5637,0.81089,0.26448
0.52155,1.1635,1.8676,2.5723,3.2638,3.9347,4.5786,5.1901,5.7641,6.2962,6.7827,7.2211,7.6104,7.951,8.2451,8.4967,8.7109,8.8934,9.0499,9.1848,9.3,9.3944,9.4635,9.4991,9.4903,9.4244,9.2885,9.0703,8.7603,8.352,7.8432,7.2363,6.539,5.7634,4.927,4.0515,3.1631,2.2929,1.4777,0.76638,0.24997
0.48658,1.0854,1.7422,2.3994,3.0442,3.6695,4.2695,4.8392,5.3738,5.8693,6.3225,6.731,7.094,7.412,7.6872,7.9232,8.1249,8.2978,8.4469,8.5765,8.6882,8.7811,8.8507,8.8893,8.8865,8.8304,8.7085,8.5093,8.2235,7.8449,7.3711,6.8044,6.1516,5.4244,4.639,3.816,2.9801,2.1607,1.3928,0.72242,0.23565
0.45343,1.0115,1.6234,2.2356,2.836,3.4181,3.9765,4.5064,5.0036,5.4643,5.8856,6.2654,6.6031,6.8992,7.1558,7.3765,7.5656,7.7284,7.8697,7.9933,8.1008,8.1911,8.2602,8.3006,8.3027,8.255,8.1458,7.9641,7.701,7.3505,6.9102,6.3821,5.7725,5.0923,4.3566,3.5849,2.8004,2.0309,1.3093,0.6792,0.22156
0.42207,0.94149,1.511,2.0805,2.639,3.1802,3.6991,4.1914,4.653,5.0807,5.4716,5.8241,6.1375,6.4125,6.651,6.8565,7.0332,7.1858,7.3189,7.436,7.5385,7.6256,7.6932,7.7346,7.7403,7.6999,7.602,7.4364,7.1945,6.8706,6.4622,5.9712,5.4032,4.7684,4.081,3.3591,2.6247,1.9039,1.2276,0.6369,0.20778
0.39242,0.87532,1.4047,1.9339,2.4527,2.9553,3.4369,3.8935,4.3216,4.7179,5.08,5.4064,5.6967,5.9514,6.1725,6.3633,6.5276,6.67,6.7947,6.9049,7.0021,7.0853,7.1508,7.1921,7.2006,7.1663,7.0786,6.9277,6.7056,6.4067,6.0287,5.573,5.0449,4.4539,3.8131,3.1395,2.4538,1.7802,1.1481,0.59569,0.19434
0.36443,0.81284,1.3043,1.7956,2.2769,2.7429,3.1893,3.6123,4.0086,4.3752,4.7101,5.0119,5.28,5.5154,5.7199,5.8963,6.0486,6.1809,6.2971,6.4003,6.4918,6.5706,6.6334,6.674,6.6844,6.6552,6.5765,6.4391,6.2354,5.96,5.6107,5.1887,4.6988,4.1498,3.5538,2.9269,2.2881,1.6604,1.0709,0.55572,0.18131
0.33801,0.75389,1.2096,1.665,2.111,2.5426,2.9558,3.3471,3.7134,4.0521,4.3613,4.6396,4.8869,5.1039,5.2924,5.4552,5.5958,5.7182,5.826,5.9221,6.0076,6.0818,6.1414,6.1807,6.1924,6.1674,6.0967,5.9716,5.7849,5.5316,5.2093,4.8192,4.3658,3.8569,3.3039,2.7218,2.1282,1.5446,0.99639,0.51709,0.16872
0.31311,0.69833,1.1204,1.542,1.9547,2.3539,2.7359,3.0973,3.4354,3.7478,4.0327,4.289,4.5166,4.7162,4.8895,5.0392,5.1686,5.2813,5.3809,5.4699,5.5494,5.6188,5.6748,5.7125,5.7247,5.7033,5.6397,5.5258,5.3548,5.1221,4.8253,4.4654,4.0465,3.5758,3.064,2.5247,1.9745,1.4333,0.92471,0.47993,0.1566
0.28966,0.646,1.0363,1.4261,1.8076,2.1763,2.5288,2.8622,3.1737,3.4614,3.7235,3.9591,4.1681,4.3513,4.5102,4.6475,4.7662,4.8697,4.9613,5.0433,5.1168,5.1812,5.2336,5.2692,5.2816,5.2631,5.2057,5.102,4.9456,4.732,4.4592,4.1278,3.7416,3.3072,2.8345,2.3361,1.8274,1.3267,0.85601,0.44431,0.14498
0.26759,0.59675,0.95724,1.3171,1.6691,2.0092,2.3341,2.6411,2.9278,3.1922,3.4329,3.6491,3.8406,4.0083,4.1538,4.2793,4.3878,4.4825,4.5664,4.6416,4.7092,4.7687,4.8173,4.8506,4.8627,4.8466,4.7948,4.7003,4.5574,4.3616,4.1112,3.8067,3.4513,3.0514,2.6158,2.1562,1.687,1.2249,0.79042,0.41029,0.13389
0.24684,0.55044,0.88287,1.2146,1.539,1.8521,2.1511,2.4334,2.6968,2.9394,3.1601,3.3581,3.5333,3.6865,3.8193,3.9337,4.0326,4.1189,4.1954,4.2641,4.326,4.3806,4.4253,4.4563,4.4679,4.4537,4.4068,4.3208,4.1902,4.0111,3.7816,3.5022,3.176,2.8085,2.408,1.9853,1.5534,1.1281,0.72802,0.37793,0.12333
0.22733,0.50692,0.81299,1.1183,1.4167,1.7046,1.9793,2.2384,2.48,2.7023,2.9042,3.0852,3.2451,3.3848,3.5057,3.6098,3.6996,3.778,3.8475,3.91,3.9664,4.0162,4.0572,4.0857,4.0965,4.0839,4.0413,3.963,3.8438,3.6802,3.4702,3.2144,2.9155,2.5786,2.2113,1.8234,1.4269,1.0363,0.66884,0.34723,0.11331
0.20901,0.46604,0.74736,1.0279,1.3019,1.5662,1.8181,2.0556,2.2767,2.48,2.6645,2.8295,2.9752,3.1023,3.212,3.3065,3.3879,3.4589,3.5218,3.5784,3.6295,3.6747,3.712,3.738,3.748,3.7366,3.698,3.6267,3.518,3.3687,3.177,2.9432,2.6699,2.3618,2.0256,1.6705,1.3074,0.94958,0.61291,0.3182,0.10384
0.19181,0.42768,0.68578,0.94308,1.1943,1.4364,1.667,1.8842,2.0863,2.2718,2.44,2.5902,2.7227,2.838,2.9374,3.0229,3.0964,3.1604,3.2172,3.2682,3.3144,3.3553,3.389,3.4126,3.4216,3.4112,3.3761,3.3112,3.2123,3.0762,2.9014,2.6883,2.439,2.1577,1.8508,1.5264,1.1948,0.86787,0.5602,0.29085,0.094919
0.17568,0.3917,0.62803,0.86354,1.0934,1.3147,1.5254,1.7237,1.908,2.077,2.23,2.3665,2.4866,2.591,2.6809,2.758,2.8242,2.8818,2.9328,2.9787,3.0202,3.0569,3.0873,3.1084,3.1165,3.107,3.075,3.016,2.926,2.8022,2.6432,2.4493,2.2223,1.9662,1.6867,1.3912,1.089,0.79109,0.51066,0.26514,0.08653
0.16057,0.35798,0.57391,0.78903,0.99884,1.2008,1.3929,1.5735,1.7412,1.8948,2.0337,2.1574,2.2661,2.3604,2.4415,2.5108,2.5703,2.6219,2.6676,2.7086,2.7458,2.7787,2.8059,2.8248,2.8319,2.823,2.7939,2.7402,2.6585,2.5461,2.4018,2.2257,2.0196,1.787,1.533,1.2646,0.98993,0.71914,0.46424,0.24104,0.078667
0.14641,0.3264,0.52324,0.71927,0.91037,1.0942,1.269,1.4331,1.5853,1.7246,1.8504,1.9622,2.0604,2.1454,2.2182,2.2804,2.3337,2.3798,2.4206,2.4572,2.4903,2.5196,2.5438,2.5606,2.5667,2.5585,2.5319,2.4832,2.4091,2.3073,2.1766,2.017,1.8303,1.6196,1.3895,1.1462,0.89733,0.6519,0.42085,0.21852,0.071316
0.13316,0.29685,0.47583,0.65401,0.82763,0.99455,1.1531,1.3019,1.4397,1.5658,1.6794,1.7803,1.8686,1.945,2.0103,2.066,2.1135,2.1546,2.1908,2.2233,2.2527,2.2787,2.3002,2.3149,2.3202,2.3125,2.2882,2.2441,2.1771,2.085,1.9669,1.8227,1.654,1.4636,1.2557,1.0359,0.81101,0.5892,0.38038,0.19751,0.06446
0.12077,0.26922,0.43151,0.59302,0.75032,0.90147,1.0449,1.1794,1.3039,1.4176,1.5199,1.6107,1.69,1.7585,1.8169,1.8665,1.9088,1.9453,1.9773,2.0061,2.0321,2.0551,2.0739,2.0869,2.0913,2.084,2.062,2.0221,1.9615,1.8785,1.772,1.6422,1.4902,1.3186,1.1314,0.93334,0.73071,0.53087,0.34273,0.17796,0.05808
0.1092,0.24342,0.39012,0.53607,0.67815,0.8146,0.94402,1.0653,1.1774,1.2796,1.3715,1.4529,1.5239,1.585,1.6371,1.6812,1.7187,1.751,1.7793,1.8046,1.8275,1.8477,1.8642,1.8755,1.8791,1.8723,1.8523,1.8162,1.7617,1.6871,1.5914,1.4747,1.3382,1.1841,1.016,0.83814,0.65618,0.47673,0.30778,0.15981,0.052158
0.098407,0.21935,0.35151,0.48295,0.61086,0.73362,0.84998,0.95889,1.0595,1.1512,1.2334,1.3062,1.3695,1.424,1.4702,1.5093,1.5424,1.5708,1.5957,1.618,1.638,1.6557,1.6701,1.6798,1.6827,1.6764,1.6582,1.6258,1.5768,1.5099,1.4242,1.3197,1.1975,1.0596,0.90912,0.74999,0.58717,0.42659,0.27541,0.143,0.046672
0.088346,0.19691,0.31553,0.43347,0.54819,0.65823,0.76246,0.85994,0.9499,1.0318,1.1052,1.1699,1.2263,1.2746,1.3155,1.35,1.3791,1.4041,1.4259,1.4453,1.4628,1.4782,1.4907,1.499,1.5013,1.4954,1.479,1.4498,1.406,1.3462,1.2697,1.1765,1.0675,0.94457,0.81039,0.66852,0.52339,0.38025,0.24549,0.12747,0.041602
0.078982,0.17603,0.28205,0.38744,0.4899,0.58813,0.68112,0.76801,0.84812,0.92095,0.98615,1.0436,1.0935,1.1362,1.1723,1.2026,1.2281,1.2499,1.2689,1.2858,1.301,1.3143,1.3251,1.3322,1.334,1.3285,1.3137,1.2876,1.2486,1.1953,1.1273,1.0444,0.94764,0.83848,0.71935,0.59341,0.46457,0.33751,0.21789,0.11314,0.036926
0.070281,0.15664,0.25095,0.34468,0.43577,0.52306,0.60563,0.68273,0.75375,0.81824,0.87591,0.92666,0.97064,1.0082,1.0398,1.0664,1.0887,1.1076,1.1241,1.1387,1.1518,1.1633,1.1726,1.1786,1.1799,1.1748,1.1615,1.1383,1.1037,1.0565,0.99624,0.92296,0.83737,0.74087,0.63558,0.52429,0.41045,0.29819,0.1925,0.099956,0.032622
0.062211,0.13864,0.22211,0.30504,0.3856,0.46276,0.5357,0.60376,0.6664,0.72322,0.77397,0.81857,0.85714,0.89,0.91765,0.94076,0.96011,0.97652,0.99073,1.0033,1.0146,1.0244,1.0323,1.0374,1.0383,1.0336,1.0218,1.0012,0.97057,0.92899,0.87592,0.81143,0.73612,0.65125,0.55867,0.46083,0.36076,0.26208,0.16919,0.087851,0.028672
0.054741,0.12199,0.19543,0.26836,0.33919,0.40699,0.47106,0.53079,0.58572,0.63549,0.67989,0.71886,0.75251,0.78112,0.80513,0.82515,0.84185,0.85597,0.86816,0.87894,0.88856,0.89693,0.90363,0.90784,0.90847,0.90421,0.89366,0.87552,0.84864,0.81217,0.7657,0.70926,0.64338,0.56917,0.48823,0.40271,0.31525,0.22902,0.14784,0.076765,0.025053
0.047845,0.10662,0.17079,0.2345,0.29636,0.35555,0.41144,0.46352,0.51137,0.55469,0.59329,0.62712,0.65628,0.68102,0.70175,0.71897,0.73331,0.74538,0.75578,0.76494,0.7731,0.78019,0.78582,0.78931,0.78969,0.78583,0.77653,0.76064,0.73718,0.70542,0.66499,0.61591,0.55866,0.49419,0.42389,0.34962,0.27368,0.19881,0.12834,0.066638,0.021748
0.041496,0.09247,0.14811,0.20335,0.25696,0.30823,0.35662,0.40168,0.44305,0.48047,0.51378,0.54293,0.56802,0.58927,0.60702,0.62174,0.63395,0.6442,0.65301,0.66075,0.66762,0.67357,0.67827,0.68113,0.68131,0.67785,0.66972,0.65591,0.63559,0.60813,0.57321,0.53085,0.48147,0.42588,0.36527,0.30126,0.23581,0.1713,0.11058,0.057415,0.018738
0.03567,0.079485,0.12731,0.17477,0.22082,0.26485,0.30638,0.34503,0.38048,0.41253,0.44101,0.46592,0.48732,0.50542,0.5205,0.53298,0.5433,0.55193,0.55932,0.5658,0.57154,0.5765,0.58039,0.58271,0.58275,0.57969,0.57263,0.56074,0.54329,0.51976,0.48986,0.45362,0.41139,0.36386,0.31206,0.25736,0.20144,0.14633,0.094457,0.049043,0.016005
0.030346,0.067621,0.1083,0.14866,0.18781,0.22523,0.26051,0.29332,0.3234,0.35057,0.37469,0.39576,0.41384,0.42909,0.44179,0.45226,0.46089,0.4681,0.47424,0.47962,0.48437,0.48846,0.49165,0.49351,0.49345,0.49077,0.48472,0.47458,0.45975,0.43978,0.41444,0.38374,0.34798,0.30776,0.26393,0.21766,0.17036,0.12375,0.079878,0.041473,0.013535
0.025505,0.056831,0.091013,0.12492,0.15781,0.18923,0.21884,0.24636,0.27158,0.29433,0.31452,0.33213,0.34722,0.35994,0.3705,0.37919,0.38633,0.39227,0.39733,0.40174,0.40563,0.40896,0.41155,0.41303,0.4129,0.41059,0.40546,0.39692,0.38447,0.36773,0.3465,0.3208,0.29089,0.25725,0.2206,0.18191,0.14238,0.10342,0.066754,0.034658,0.011311
0.021127,0.047076,0.075387,0.10347,0.13069,0.1567,0.18119,0.20395,0.22479,0.24358,0.26024,0.27475,0.28718,0.29763,0.30629,0.3134,0.31924,0.32407,0.32818,0.33175,0.33489,0.33757,0.33964,0.3408,0.34064,0.33867,0.33439,0.32731,0.317,0.30316,0.28563,0.26443,0.23975,0.21201,0.1818,0.14991,0.11732,0.085215,0.055004,0.028557,0.0093196
0.017198,0.038319,0.061361,0.084214,0.10636,0.12751,0.14743,0.16592,0.18285,0.1981,0.21161,0.22337,0.23343,0.24188,0.24887,0.25459,0.25927,0.26315,0.26643,0.26927,0.27177,0.27389,0.27552,0.27641,0.27624,0.2746,0.2711,0.26532,0.25693,0.24569,0.23146,0.21426,0.19425,0.17176,0.14728,0.12144,0.095038,0.069027,0.044554,0.023132,0.0075489
0.013702,0.030528,0.048884,0.067086,0.084725,0.10156,0.11741,0.13212,0.14558,0.1577,0.16843,0.17776,0.18573,0.19242,0.19794,0.20246,0.20614,0.20918,0.21175,0.21397,0.21591,0.21757,0.21882,0.2195,0.21933,0.218,0.21519,0.21058,0.2039,0.19496,0.18365,0.16999,0.1541,0.13626,0.11683,0.096325,0.075382,0.054749,0.035337,0.018346,0.0059872
0.010626,0.023674,0.037907,0.05202,0.065693,0.078741,0.091021,0.10242,0.11284,0.12221,0.13051,0.13772,0.14387,0.14902,0.15327,0.15674,0.15957,0.1619,0.16385,0.16555,0.16702,0.16828,0.16922,0.16972,0.16956,0.16852,0.16632,0.16274,0.15757,0.15064,0.1419,0.13133,0.11905,0.10526,0.090243,0.074404,0.058225,0.042287,0.027294,0.01417,0.0046242
0.0079584,0.017732,0.028391,0.038959,0.049196,0.058963,0.068153,0.076678,0.08447,0.091478,0.097676,0.10306,0.10765,0.11149,0.11465,0.11723,0.11932,0.12105,0.12249,0.12374,0.12482,0.12574,0.12643,0.12679,0.12666,0.12586,0.12421,0.12153,0.11765,0.11247,0.10593,0.098039,0.088867,0.078566,0.067357,0.055533,0.043456,0.03156,0.02037,0.010575,0.0034511
0.0056903,0.012678,0.020299,0.027854,0.035171,0.042151,0.048717,0.054807,0.06037,0.065373,0.069794,0.073632,0.076901,0.079634,0.081884,0.083714,0.085199,0.086417,0.087439,0.088317,0.089082,0.089727,0.09021,0.090454,0.090351,0.089774,0.088588,0.086666,0.083895,0.080197,0.07553,0.069898,0.063356,0.056009,0.048016,0.039586,0.030976,0.022496,0.014519,0.0075378,0.0024599
0.0038129,0.0084952,0.013601,0.018663,0.023565,0.02824,0.032637,0.036714,0.040438,0.043785,0.046742,0.049307,0.051491,0.053316,0.054816,0.056035,0.057024,0.057832,0.05851,0.059091,0.059597,0.060022,0.060339,0.060497,0.060423,0.060032,0.059235,0.057945,0.056089,0.053614,0.050491,0.046724,0.042349,0.037437,0.032093,0.026458,0.020703,0.015035,0.0097038,0.0050377,0.001644
0.0023193,0.0051672,0.008273,0.011351,0.014332,0.017175,0.019848,0.022327,0.02459,0.026623,0.028419,0.029977,0.031302,0.032408,0.033317,0.034055,0.034653,0.035141,0.03555,0.0359,0.036204,0.03646,0.03665,0.036743,0.036695,0.036456,0.035969,0.035184,0.034055,0.032551,0.030653,0.028365,0.025708,0.022726,0.019482,0.01606,0.012567,0.0091263,0.0058901,0.0030578,0.00099787
0.0012038,0.002682,0.004294,0.0058917,0.0074387,0.0089139,0.010301,0.011587,0.01276,0.013815,0.014746,0.015553,0.01624,0.016813,0.017283,0.017665,0.017974,0.018226,0.018437,0.018617,0.018774,0.018905,0.019002,0.01905,0.019024,0.018899,0.018646,0.018238,0.017652,0.016872,0.015888,0.014701,0.013324,0.011778,0.010096,0.0083232,0.0065126,0.0047295,0.0030524,0.0015846,0.00051712
0.00046244,0.0010303,0.0016495,0.0022632,0.0028574,0.003424,0.0039567,0.0044504,0.0049011,0.005306,0.0056634,0.0059732,0.0062366,0.0064564,0.0066368,0.0067831,0.0069014,0.0069979,0.0070784,0.0071474,0.0072072,0.0072573,0.0072944,0.0073123,0.0073022,0.0072539,0.0071565,0.0069998,0.0067748,0.0064751,0.0060973,0.0056419,0.0051132,0.0045198,0.0038745,0.003194,0.0024992,0.0018149,0.0011713,0.00060808,0.00019844
9.2435E-05,0.00020594,0.00032971,0.00045238,0.00057115,0.00068439,0.00079086,0.00088953,0.0009796,0.0010605,0.0011319,0.0011938,0.0012464,0.0012903,0.0013264,0.0013556,0.0013792,0.0013984,0.0014145,0.0014283,0.0014402,0.0014502,0.0014575,0.0014611,0.001459,0.0014494,0.0014299,0.0013986,0.0013536,0.0012937,0.0012182,0.0011272,0.0010216,0.000903,0.00077406,0.00063811,0.00049929,0.00036259,0.00023401,0.00012148,3.9644E-05
